0.999819 0.959681 0.929548 0.903182 0.879225 0.857031 0.836221 0.816545 0.797824 0.779928 0.762753 0.746219 0.730259 0.714819 0.699853 0.685322 0.671191 0.657431 0.644016 0.630924 0.618135 0.605629 0.593391 0.581406 0.56966 0.558142 0.546839 0.535742 0.524842 0.514128 0.503595 0.493233 0.483036 0.472997 0.46311 0.45337 0.443771 0.434308 0.424977 0.415772 0.40669 0.397727 0.388878 0.380141 0.371512 0.362987 0.354564 0.34624 0.338011 0.329876 0.321832 0.313876 0.306005 0.298219 0.290514 0.282889 0.275342 0.26787 0.260472 0.253146 0.245891 0.238705 0.231586 0.224534 0.217545 0.21062 0.203757 0.196954 0.19021 0.183525 0.176896 0.170323 0.163804 0.15734 0.150927 0.144567 0.138257 0.131996 0.125785 0.119621 0.113504 0.107434 0.101409 0.0954281 0.0894915 0.0835981 0.0777471 0.0719378 0.0661696 0.0604417 0.0547537 0.0491047 0.0434944 0.037922 0.0323871 0.0268891 0.0214277 0.0160024 0.0106133 0.00526131 6.01157e-06 
0.959681 0.919207 0.888909 0.862437 0.83841 0.816172 0.795336 0.77565 0.756933 0.739051 0.721899 0.705397 0.689477 0.674083 0.659169 0.644695 0.630628 0.616936 0.603594 0.590579 0.57787 0.56545 0.553301 0.541408 0.529758 0.51834 0.50714 0.49615 0.485358 0.474758 0.46434 0.454097 0.444023 0.434109 0.424351 0.414743 0.405278 0.395953 0.386763 0.377702 0.368768 0.359955 0.351261 0.342681 0.334213 0.325853 0.317598 0.309446 0.301393 0.293437 0.285576 0.277807 0.270129 0.262539 0.255035 0.247615 0.240277 0.233021 0.225843 0.218744 0.21172 0.204771 0.197896 0.191094 0.184362 0.177701 0.171109 0.164585 0.158129 0.15174 0.145417 0.13916 0.132968 0.12684 0.120778 0.114779 0.108846 0.102977 0.097173 0.0914347 0.0857627 0.0801581 0.0746222 0.0691566 0.0637635 0.0584456 0.0532063 0.0480498 0.0429815 0.0380082 0.0331389 0.0283852 0.0237627 0.019293 0.0150069 0.0109505 0.00719752 0.00387653 0.00124776 1.82179e-09 1 
0.929548 0.888909 0.858559 0.832074 0.808058 0.785847 0.765052 0.745417 0.726759 0.708943 0.691864 0.67544 0.659603 0.644297 0.629475 0.615097 0.601129 0.58754 0.574304 0.561398 0.548801 0.536496 0.524464 0.512692 0.501165 0.489871 0.4788 0.46794 0.457281 0.446816 0.436536 0.426434 0.416502 0.406733 0.397123 0.387664 0.378352 0.369183 0.36015 0.35125 0.342478 0.333831 0.325306 0.316897 0.308603 0.30042 0.292346 0.284377 0.27651 0.268745 0.261077 0.253505 0.246027 0.238641 0.231345 0.224138 0.217017 0.209981 0.203029 0.196159 0.18937 0.182662 0.176032 0.16948 0.163005 0.156607 0.150285 0.144037 0.137865 0.131766 0.125742 0.119793 0.113917 0.108116 0.10239 0.0967387 0.0911642 0.085667 0.0802484 0.0749101 0.069654 0.0644826 0.0593989 0.0544064 0.0495093 0.0447129 0.0400236 0.0354491 0.030999 0.0266855 0.0225237 0.0185336 0.0147411 0.0111818 0.00790517 0.00498434 0.00253315 0.000745529 9.20295e-10 1 1 
0.903182 0.862437 0.832074 0.805608 0.78163 0.759472 0.73874 0.719175 0.700595 0.682863 0.665874 0.649543 0.633804 0.618599 0.603882 0.589612 0.575755 0.562279 0.54916 0.536373 0.523898 0.511715 0.49981 0.488166 0.47677 0.465609 0.454672 0.443949 0.433429 0.423106 0.412969 0.403011 0.393227 0.383608 0.374149 0.364845 0.355689 0.346678 0.337806 0.329069 0.320463 0.311984 0.303629 0.295393 0.287275 0.27927 0.271376 0.263591 0.255911 0.248335 0.24086 0.233484 0.226205 0.219021 0.211931 0.204933 0.198026 0.191207 0.184476 0.177832 0.171273 0.164799 0.158408 0.152101 0.145876 0.139732 0.133671 0.12769 0.121791 0.115973 0.110236 0.104581 0.0990077 0.0935176 0.0881114 0.0827903 0.0775557 0.0724094 0.0673535 0.0623906 0.0575237 0.0527564 0.048093 0.0435384 0.0390989 0.0347814 0.0305948 0.0265497 0.0226589 0.0189385 0.0154088 0.0120956 0.00903277 0.0062658 0.00385792 0.00190088 0.000535987 6.19707e-10 1 1 1 
0.879225 0.83841 0.808058 0.78163 0.757708 0.735617 0.714961 0.69548 0.676989 0.659351 0.64246 0.626232 0.610599 0.595504 0.580899 0.566744 0.553004 0.539648 0.526651 0.513988 0.501639 0.489586 0.477811 0.466299 0.455037 0.444012 0.433214 0.422631 0.412254 0.402073 0.392082 0.382273 0.372638 0.36317 0.353865 0.344716 0.335718 0.326866 0.318155 0.309582 0.301141 0.29283 0.284645 0.276582 0.268638 0.260811 0.253097 0.245494 0.237999 0.23061 0.223326 0.216143 0.20906 0.202076 0.195189 0.188396 0.181698 0.175092 0.168578 0.162154 0.15582 0.149574 0.143417 0.137347 0.131364 0.125468 0.119659 0.113936 0.108301 0.102752 0.0972919 0.0919198 0.0866371 0.0814448 0.0763446 0.0713379 0.066427 0.0616141 0.0569021 0.0522944 0.0477948 0.0434079 0.0391392 0.0349948 0.0309823 0.0271106 0.0233904 0.0198344 0.0164584 0.0132816 0.0103283 0.00762906 0.00522398 0.00316641 0.00152995 0.000420592 4.6964e-10 1 1 1 1 
0.857031 0.816172 0.785847 0.759472 0.735617 0.713603 0.693033 0.673643 0.65525 0.637713 0.620928 0.604809 0.589287 0.574307 0.559819 0.545783 0.532164 0.518933 0.506061 0.493526 0.481307 0.469385 0.457743 0.446367 0.435242 0.424356 0.413697 0.403256 0.393022 0.382987 0.373143 0.363482 0.353997 0.344682 0.335531 0.326537 0.317697 0.309004 0.300455 0.292044 0.283769 0.275625 0.267609 0.259717 0.251947 0.244295 0.236759 0.229336 0.222024 0.214821 0.207724 0.200732 0.193843 0.187055 0.180366 0.173776 0.167283 0.160886 0.154583 0.148375 0.14226 0.136237 0.130307 0.124468 0.118721 0.113065 0.107501 0.102028 0.0966481 0.0913607 0.0861668 0.0810676 0.0760643 0.0711584 0.0663518 0.0616466 0.0570453 0.052551 0.048167 0.0438974 0.0397468 0.0357207 0.0318254 0.0280683 0.0244581 0.0210052 0.0177219 0.0146229 0.0117263 0.00905392 0.00663333 0.00449927 0.00269674 0.00128549 0.000347493 3.79487e-10 1 1 1 1 1 
0.836221 0.795336 0.765052 0.73874 0.714961 0.693033 0.672555 0.653264 0.634973 0.617544 0.600868 0.584863 0.569457 0.554595 0.540227 0.526315 0.512821 0.499716 0.486973 0.474568 0.462481 0.450692 0.439186 0.427946 0.416959 0.406213 0.395696 0.385397 0.375308 0.365419 0.355722 0.34621 0.336876 0.327713 0.318715 0.309877 0.301194 0.29266 0.284271 0.276023 0.267912 0.259934 0.252086 0.244364 0.236766 0.229288 0.221928 0.214684 0.207552 0.200532 0.19362 0.186815 0.180116 0.173521 0.167028 0.160637 0.154345 0.148152 0.142057 0.13606 0.130159 0.124354 0.118645 0.113032 0.107514 0.102092 0.096766 0.0915364 0.0864038 0.0813692 0.0764335 0.0715982 0.0668647 0.062235 0.0577113 0.0532961 0.0489925 0.0448038 0.0407341 0.0367879 0.0329707 0.0292886 0.0257487 0.0223595 0.0191308 0.0160741 0.0132033 0.0105346 0.00808812 0.0058881 0.00396481 0.00235642 0.00111214 0.000297045 3.19233e-10 1 1 1 1 1 1 
0.816545 0.77565 0.745417 0.719175 0.69548 0.673643 0.653264 0.634076 0.615893 0.598574 0.582013 0.566124 0.550838 0.536097 0.521853 0.508066 0.494699 0.481723 0.46911 0.456838 0.444884 0.43323 0.42186 0.410758 0.399911 0.389305 0.37893 0.368775 0.35883 0.349088 0.339539 0.330176 0.320992 0.311981 0.303137 0.294454 0.285927 0.277551 0.269322 0.261235 0.253287 0.245474 0.237793 0.230239 0.222811 0.215505 0.208319 0.201251 0.194298 0.187458 0.180729 0.174109 0.167597 0.161192 0.154891 0.148695 0.142601 0.136608 0.130717 0.124926 0.119235 0.113643 0.108151 0.102758 0.097464 0.0922698 0.0871758 0.0821824 0.0772907 0.0725016 0.0678165 0.063237 0.0587649 0.0544024 0.0501521 0.0460169 0.0420002 0.0381058 0.0343384 0.0307029 0.0272054 0.0238527 0.0206528 0.0176149 0.0147497 0.01207 0.00959064 0.00732969 0.0053087 0.00355405 0.00209839 0.000982814 0.000260151 2.76032e-10 1 1 1 1 1 1 1 
0.797824 0.756933 0.726759 0.700595 0.676989 0.65525 0.634973 0.615893 0.597821 0.580617 0.564173 0.548404 0.533239 0.518622 0.504504 0.490844 0.477606 0.464761 0.45228 0.440141 0.428321 0.416804 0.405571 0.394608 0.3839 0.373435 0.363203 0.353192 0.343392 0.333796 0.324394 0.31518 0.306147 0.297287 0.288596 0.280068 0.271697 0.263478 0.255408 0.247482 0.239695 0.232046 0.224529 0.217143 0.209883 0.202748 0.195734 0.18884 0.182063 0.175401 0.168852 0.162415 0.156087 0.149869 0.143758 0.137753 0.131853 0.126057 0.120366 0.114777 0.109292 0.103909 0.0986286 0.0934507 0.0883758 0.0834041 0.0785364 0.0737734 0.0691162 0.0645662 0.0601248 0.0557938 0.0515754 0.0474721 0.0434867 0.0396225 0.0358832 0.0322732 0.0287973 0.0254613 0.0222715 0.0192355 0.0163619 0.0136606 0.0111434 0.00882376 0.00671795 0.00484513 0.00322845 0.00189604 0.000882672 0.000232011 2.4329e-10 1 1 1 1 1 1 1 1 
0.779928 0.739051 0.708943 0.682863 0.659351 0.637713 0.617544 0.598574 0.580617 0.56353 0.547206 0.531559 0.516518 0.502027 0.488037 0.474505 0.461398 0.448684 0.436337 0.424332 0.412649 0.401268 0.390173 0.379349 0.368782 0.358459 0.348369 0.338501 0.328847 0.319397 0.310143 0.301077 0.292194 0.283486 0.274947 0.266572 0.258356 0.250294 0.242382 0.234615 0.226989 0.219502 0.212149 0.204928 0.197835 0.190868 0.184025 0.177303 0.1707 0.164214 0.157843 0.151585 0.14544 0.139406 0.133481 0.127665 0.121956 0.116354 0.110859 0.105469 0.100185 0.0950072 0.0899344 0.0849674 0.0801066 0.0753525 0.070706 0.066168 0.0617398 0.0574228 0.0532188 0.0491298 0.0451582 0.0413068 0.0375787 0.0339774 0.030507 0.0271723 0.0239785 0.0209318 0.018039 0.0153083 0.0127489 0.0103714 0.00818829 0.00621406 0.00446586 0.00296408 0.00173317 0.000802883 0.000209856 2.17824e-10 1 1 1 1 1 1 1 1 1 
0.762753 0.721899 0.691864 0.665874 0.64246 0.620928 0.600868 0.582013 0.564173 0.547206 0.531004 0.515481 0.500567 0.486203 0.472341 0.458941 0.445965 0.433384 0.421171 0.409301 0.397754 0.386511 0.375555 0.36487 0.354444 0.344263 0.334316 0.324592 0.315083 0.305779 0.296672 0.287755 0.279021 0.270463 0.262076 0.253854 0.245793 0.237886 0.23013 0.222522 0.215056 0.207729 0.200539 0.193482 0.186554 0.179755 0.17308 0.166528 0.160097 0.153785 0.147589 0.14151 0.135544 0.129691 0.12395 0.118319 0.112799 0.107388 0.102085 0.0968913 0.0918056 0.0868282 0.0819591 0.0771989 0.0725479 0.0680069 0.0635768 0.0592588 0.0550543 0.0509649 0.0469926 0.0431397 0.0394086 0.0358025 0.0323246 0.0289789 0.0257698 0.0227022 0.0197819 0.0170154 0.0144101 0.0119745 0.00971848 0.00765324 0.00579195 0.00414994 0.00274526 0.00159934 0.000737859 0.000191973 2.00998e-10 1 1 1 1 1 1 1 1 1 1 
0.746219 0.705397 0.67544 0.649543 0.626232 0.604809 0.584863 0.566124 0.548404 0.531559 0.515481 0.500084 0.485297 0.471062 0.457331 0.444062 0.431219 0.418772 0.406694 0.39496 0.38355 0.372445 0.361628 0.351083 0.340798 0.330759 0.320954 0.311375 0.30201 0.292852 0.283892 0.275123 0.266538 0.258131 0.249895 0.241825 0.233917 0.226165 0.218565 0.211114 0.203806 0.19664 0.18961 0.182715 0.175952 0.169318 0.16281 0.156427 0.150166 0.144025 0.138004 0.132099 0.126311 0.120637 0.115077 0.10963 0.104295 0.0990711 0.0939586 0.0889569 0.084066 0.079286 0.074617 0.0700597 0.0656145 0.0612824 0.0570644 0.0529619 0.0489763 0.0451096 0.0413637 0.0377413 0.034245 0.0308781 0.0276442 0.0245474 0.0215924 0.0187846 0.01613 0.0136355 0.0113089 0.00915925 0.00719678 0.0054334 0.00388288 0.00256128 0.0014875 0.000683892 0.000177248 1.85537e-10 1 1 1 1 1 1 1 1 1 1 1 
0.730259 0.689477 0.659603 0.633804 0.610599 0.589287 0.569457 0.550838 0.533239 0.516518 0.500567 0.485297 0.470639 0.456535 0.442935 0.429799 0.41709 0.404777 0.392835 0.381238 0.369965 0.358999 0.348321 0.337916 0.327772 0.317875 0.308213 0.298778 0.289558 0.280545 0.271732 0.263111 0.254674 0.246416 0.238331 0.230413 0.222657 0.215059 0.207615 0.200319 0.193169 0.186161 0.179291 0.172558 0.165957 0.159487 0.153144 0.146928 0.140835 0.134865 0.129015 0.123284 0.11767 0.112173 0.106792 0.101526 0.0963733 0.0913345 0.086409 0.0815967 0.0768975 0.0723116 0.0678393 0.0634813 0.0592383 0.0551112 0.0511013 0.04721 0.043439 0.0397902 0.036266 0.032869 0.0296022 0.0264689 0.0234731 0.0206191 0.0179119 0.0153571 0.0129611 0.010731 0.00867522 0.00680304 0.00512528 0.00365433 0.00240457 0.00139272 0.000638423 0.000164923 1.70076e-10 1 1 1 1 1 1 1 1 1 1 1 1 
0.714819 0.674083 0.644297 0.618599 0.595504 0.574307 0.554595 0.536097 0.518622 0.502027 0.486203 0.471062 0.456535 0.442562 0.429095 0.416092 0.403518 0.391341 0.379534 0.368075 0.35694 0.346112 0.335574 0.32531 0.315307 0.305552 0.296033 0.286741 0.277666 0.268799 0.260132 0.251658 0.243369 0.23526 0.227325 0.219558 0.211955 0.20451 0.197219 0.190079 0.183085 0.176234 0.169523 0.162949 0.15651 0.150202 0.144024 0.137972 0.132046 0.126244 0.120564 0.115004 0.109564 0.104242 0.0990371 0.0939491 0.088977 0.0841206 0.0793796 0.0747538 0.0702433 0.0658485 0.0615699 0.0574079 0.0533636 0.049438 0.0456324 0.0419484 0.0383878 0.0349527 0.0316457 0.0284694 0.0254271 0.0225224 0.0197593 0.0171424 0.0146771 0.012369 0.010225 0.00825254 0.00646024 0.00485789 0.00345671 0.00226959 0.00131145 0.000599626 0.000154466 1.59162e-10 1 1 1 1 1 1 1 1 1 1 1 1 1 
0.699853 0.659169 0.629475 0.603882 0.580899 0.559819 0.540227 0.521853 0.504504 0.488037 0.472341 0.457331 0.442935 0.429095 0.415761 0.402893 0.390454 0.378413 0.366744 0.355422 0.344426 0.333737 0.323339 0.313215 0.303353 0.29374 0.284365 0.275216 0.266285 0.257564 0.249043 0.240715 0.232574 0.224614 0.216828 0.209211 0.201759 0.194466 0.187329 0.180343 0.173504 0.16681 0.160257 0.153842 0.147562 0.141415 0.135399 0.129512 0.123751 0.118115 0.112603 0.107213 0.101944 0.0967944 0.0917642 0.0868524 0.0820584 0.0773819 0.0728227 0.0683809 0.0640566 0.0598501 0.055762 0.051793 0.0479442 0.0442166 0.0406118 0.0371315 0.0337775 0.0305522 0.0274581 0.0244983 0.021676 0.018995 0.0164596 0.0140747 0.0118457 0.00977868 0.00788062 0.00615938 0.00462389 0.0032843 0.00215224 0.00124106 0.000566169 0.00014549 1.49157e-10 1 1 1 1 1 1 1 1 1 1 1 1 1 1 
0.685322 0.644695 0.615097 0.589612 0.566744 0.545783 0.526315 0.508066 0.490844 0.474505 0.458941 0.444062 0.429799 0.416092 0.402893 0.39016 0.377857 0.365953 0.354421 0.343237 0.33238 0.32183 0.311572 0.30159 0.291869 0.282398 0.273166 0.264161 0.255374 0.246797 0.238422 0.230241 0.222247 0.214435 0.206798 0.199331 0.192029 0.184888 0.177903 0.17107 0.164386 0.157847 0.15145 0.145193 0.139072 0.133085 0.12723 0.121505 0.115908 0.110437 0.105091 0.0998687 0.0947689 0.0897905 0.0849328 0.0801951 0.075577 0.0710783 0.0666987 0.0624384 0.0582976 0.0542767 0.0503764 0.0465976 0.0429412 0.0394086 0.0360014 0.0327213 0.0295703 0.026551 0.0236661 0.0209186 0.018312 0.0158504 0.0135382 0.0113803 0.00938255 0.00755121 0.00589353 0.00441763 0.00313275 0.0020494 0.00117958 0.000537051 0.000137711 1.41881e-10 1 1 1 1 1 1 1 1 1 1 1 1 1 1 1 
0.671191 0.630628 0.601129 0.575755 0.553004 0.532164 0.512821 0.494699 0.477606 0.461398 0.445965 0.431219 0.41709 0.403518 0.390454 0.377857 0.36569 0.353924 0.34253 0.331484 0.320766 0.310357 0.300239 0.290397 0.280819 0.27149 0.2624 0.253538 0.244895 0.236463 0.228233 0.220198 0.212351 0.204687 0.197198 0.18988 0.182728 0.175738 0.168904 0.162224 0.155694 0.149309 0.143068 0.136967 0.131003 0.125175 0.11948 0.113916 0.108481 0.103174 0.097993 0.0929369 0.0880047 0.0831954 0.0785084 0.073943 0.0694988 0.0651756 0.0609734 0.0568923 0.0529326 0.0490949 0.0453799 0.0417884 0.0383217 0.0349812 0.0317684 0.0286853 0.0257341 0.0229174 0.0202379 0.017699 0.0153042 0.0130578 0.0109643 0.00902905 0.0072578 0.00565719 0.00423467 0.00299864 0.00195863 0.00112547 0.00051151 0.000130911 1.34605e-10 1 1 1 1 1 1 1 1 1 1 1 1 1 1 1 1 
0.657431 0.616936 0.58754 0.562279 0.539648 0.518933 0.499716 0.481723 0.464761 0.448684 0.433384 0.418772 0.404777 0.391341 0.378413 0.365953 0.353924 0.342295 0.33104 0.320133 0.309555 0.299285 0.289308 0.279607 0.27017 0.260983 0.252036 0.243318 0.234819 0.226531 0.218446 0.210557 0.202857 0.195339 0.187998 0.180829 0.173826 0.166986 0.160303 0.153775 0.147397 0.141166 0.135079 0.129134 0.123327 0.117656 0.11212 0.106715 0.101441 0.0962964 0.0912788 0.0863874 0.0816213 0.0769795 0.0724613 0.0680663 0.0637941 0.0596445 0.0556176 0.0517136 0.0479328 0.0442759 0.0407437 0.0373371 0.0340574 0.0309061 0.0278849 0.0249959 0.0222413 0.0196238 0.0171464 0.0148125 0.0126259 0.0105908 0.00871211 0.00699515 0.00544601 0.0040715 0.00287929 0.00187804 0.00107755 0.000488952 0.000124925 1.27329e-10 1 1 1 1 1 1 1 1 1 1 1 1 1 1 1 1 1 
0.644016 0.603594 0.574304 0.54916 0.526651 0.506061 0.486973 0.46911 0.45228 0.436337 0.421171 0.406694 0.392835 0.379534 0.366744 0.354421 0.34253 0.33104 0.319923 0.309156 0.298717 0.288588 0.278751 0.269192 0.259896 0.250852 0.242047 0.233472 0.225117 0.216974 0.209033 0.20129 0.193735 0.186364 0.179171 0.17215 0.165296 0.158605 0.152073 0.145695 0.139469 0.133391 0.127458 0.121667 0.116015 0.110501 0.105122 0.0998764 0.0947622 0.089778 0.0849224 0.0801943 0.0755926 0.0711167 0.0667658 0.0625395 0.0584375 0.0544596 0.0506061 0.0468771 0.0432731 0.0397948 0.036443 0.0332189 0.0301237 0.0271591 0.0243268 0.021629 0.0190681 0.0166468 0.0143684 0.0122361 0.0102542 0.0084268 0.00675904 0.00525646 0.00392529 0.00277254 0.0018061 0.00103488 0.000468911 0.00011962 1.21872e-10 1 1 1 1 1 1 1 1 1 1 1 1 1 1 1 1 1 1 
0.630924 0.590579 0.561398 0.536373 0.513988 0.493526 0.474568 0.456838 0.440141 0.424332 0.409301 0.39496 0.381238 0.368075 0.355422 0.343237 0.331484 0.320133 0.309156 0.298529 0.28823 0.278241 0.268546 0.259128 0.249974 0.241071 0.232409 0.223977 0.215766 0.207767 0.199971 0.192372 0.184964 0.177739 0.170693 0.163819 0.157113 0.150571 0.144189 0.137962 0.131887 0.12596 0.12018 0.114542 0.109046 0.103687 0.0984644 0.0933761 0.0884203 0.0835957 0.0789008 0.0743346 0.0698961 0.0655845 0.0613993 0.0573401 0.0534065 0.0495987 0.0459167 0.0423608 0.0389316 0.0356298 0.0324563 0.0294124 0.0264994 0.023719 0.021073 0.0185638 0.0161938 0.0139659 0.0118833 0.00994966 0.00816904 0.006546 0.00508565 0.00379373 0.00267664 0.0017416 0.00099668 0.000451013 0.000114894 1.18234e-10 1 1 1 1 1 1 1 1 1 1 1 1 1 1 1 1 1 1 1 
0.618135 0.57787 0.548801 0.523898 0.501639 0.481307 0.462481 0.444884 0.428321 0.412649 0.397754 0.38355 0.369965 0.35694 0.344426 0.33238 0.320766 0.309555 0.298717 0.28823 0.278072 0.268224 0.258669 0.249393 0.240381 0.231621 0.223102 0.214813 0.206745 0.198889 0.191238 0.183784 0.176521 0.169442 0.162542 0.155816 0.149258 0.142864 0.136631 0.130553 0.124629 0.118854 0.113225 0.10774 0.102397 0.097193 0.0921259 0.0871939 0.0823956 0.0777294 0.073194 0.0687884 0.0645116 0.060363 0.0563421 0.0524484 0.0486817 0.0450422 0.0415299 0.0381454 0.034889 0.0317618 0.0287646 0.0258987 0.0231657 0.0205671 0.0181051 0.015782 0.0136003 0.011563 0.0096735 0.00793548 0.00635315 0.00493122 0.00367493 0.00259017 0.00168352 0.000962349 0.000434956 0.000110663 1.12777e-10 1 1 1 1 1 1 1 1 1 1 1 1 1 1 1 1 1 1 1 1 
0.605629 0.56545 0.536496 0.511715 0.489586 0.469385 0.450692 0.43323 0.416804 0.401268 0.386511 0.372445 0.358999 0.346112 0.333737 0.32183 0.310357 0.299285 0.288588 0.278241 0.268224 0.258517 0.249104 0.239969 0.231099 0.222482 0.214105 0.205959 0.198034 0.190323 0.182816 0.175507 0.168389 0.161455 0.154701 0.148122 0.141711 0.135465 0.12938 0.123452 0.117677 0.112052 0.106575 0.101242 0.0960518 0.0910012 0.0860886 0.0813121 0.0766701 0.0721611 0.0677841 0.0635379 0.0594216 0.0554347 0.0515766 0.0478469 0.0442457 0.0407729 0.0374287 0.0342137 0.0311285 0.028174 0.0253511 0.0226613 0.0201061 0.0176873 0.0154069 0.0132675 0.0112716 0.00942242 0.0077233 0.00617811 0.00479118 0.00356732 0.00251193 0.00163104 0.000931377 0.000420494 0.000106859 1.0732e-10 1 1 1 1 1 1 1 1 1 1 1 1 1 1 1 1 1 1 1 1 1 
0.593391 0.553301 0.524464 0.49981 0.477811 0.457743 0.439186 0.42186 0.405571 0.390173 0.375555 0.361628 0.348321 0.335574 0.323339 0.311572 0.300239 0.289308 0.278751 0.268546 0.258669 0.249104 0.239832 0.23084 0.222112 0.213636 0.205402 0.197399 0.189618 0.18205 0.174687 0.167523 0.160549 0.153762 0.147153 0.14072 0.134456 0.128357 0.12242 0.11664 0.111015 0.10554 0.100213 0.0950318 0.0899933 0.0850956 0.0803365 0.0757144 0.0712278 0.0668751 0.0626553 0.0585673 0.0546104 0.0507838 0.0470872 0.0435203 0.040083 0.0367754 0.0335979 0.0305508 0.027635 0.0248514 0.022201 0.0196854 0.017306 0.0150649 0.012964 0.0110061 0.0091937 0.00753012 0.00601886 0.00466387 0.00346959 0.00244095 0.00158349 0.000903345 0.000407423 0.000103426 1.05501e-10 1 1 1 1 1 1 1 1 1 1 1 1 1 1 1 1 1 1 1 1 1 1 
0.581406 0.541408 0.512692 0.488166 0.466299 0.446367 0.427946 0.410758 0.394608 0.379349 0.36487 0.351083 0.337916 0.32531 0.313215 0.30159 0.290397 0.279607 0.269192 0.259128 0.249393 0.239969 0.23084 0.221989 0.213403 0.20507 0.196979 0.189119 0.181481 0.174056 0.166838 0.159817 0.152989 0.146346 0.139883 0.133596 0.127478 0.121526 0.115737 0.110105 0.104628 0.0993024 0.0941255 0.0890946 0.0842073 0.0794615 0.0748552 0.0703867 0.0660544 0.061857 0.0577934 0.0538626 0.0500638 0.0463965 0.0428601 0.0394546 0.0361799 0.0330362 0.0300237 0.0271431 0.0243951 0.0217807 0.0193012 0.0169578 0.0147525 0.012687 0.0107636 0.008985 0.00735394 0.00587369 0.0045479 0.00338063 0.0023764 0.00154028 0.000877904 0.000395574 0.000100319 1.01863e-10 1 1 1 1 1 1 1 1 1 1 1 1 1 1 1 1 1 1 1 1 1 1 1 
0.56966 0.529758 0.501165 0.47677 0.455037 0.435242 0.416959 0.399911 0.3839 0.368782 0.354444 0.340798 0.327772 0.315307 0.303353 0.291869 0.280819 0.27017 0.259896 0.249974 0.240381 0.231099 0.222112 0.213403 0.20496 0.196769 0.188821 0.181104 0.173609 0.166328 0.159253 0.152377 0.145693 0.139195 0.132878 0.126735 0.120764 0.114959 0.109316 0.103832 0.098503 0.0933261 0.0882984 0.0834174 0.0786806 0.0740861 0.0696317 0.0653159 0.0611372 0.0570942 0.0531858 0.0494111 0.0457694 0.0422601 0.0388829 0.0356376 0.0325242 0.0295429 0.0266942 0.0239785 0.0213968 0.0189501 0.0166397 0.014467 0.0124338 0.0105421 0.00879434 0.00719303 0.00574117 0.00444209 0.0032995 0.00231757 0.00150093 0.000854758 0.000384806 9.74984e-05 9.82254e-11 1 1 1 1 1 1 1 1 1 1 1 1 1 1 1 1 1 1 1 1 1 1 1 1 
0.558142 0.51834 0.489871 0.465609 0.444012 0.424356 0.406213 0.389305 0.373435 0.358459 0.344263 0.330759 0.317875 0.305552 0.29374 0.282398 0.27149 0.260983 0.250852 0.241071 0.231621 0.222482 0.213636 0.20507 0.196769 0.188722 0.180916 0.173342 0.165991 0.158853 0.151922 0.14519 0.13865 0.132297 0.126124 0.120128 0.114302 0.108643 0.103147 0.0978096 0.0926281 0.0875993 0.0827203 0.0779885 0.0734017 0.0689576 0.0646545 0.0604907 0.0564646 0.0525751 0.048821 0.0452015 0.0417159 0.0383636 0.0351444 0.0320581 0.0291048 0.0262847 0.0235983 0.0210462 0.0186294 0.0163489 0.014206 0.0122023 0.0103396 0.00862002 0.00704593 0.00562005 0.0043454 0.00322541 0.00226387 0.00146504 0.000833659 0.000374999 9.49318e-05 9.45874e-11 1 1 1 1 1 1 1 1 1 1 1 1 1 1 1 1 1 1 1 1 1 1 1 1 1 
0.546839 0.50714 0.4788 0.454672 0.433214 0.413697 0.395696 0.37893 0.363203 0.348369 0.334316 0.320954 0.308213 0.296033 0.284365 0.273166 0.2624 0.252036 0.242047 0.232409 0.223102 0.214105 0.205402 0.196979 0.188821 0.180916 0.173254 0.165823 0.158615 0.151621 0.144833 0.138245 0.131849 0.12564 0.119612 0.113761 0.108081 0.102567 0.0972174 0.0920269 0.0869926 0.0821114 0.0773805 0.0727974 0.0683598 0.0640656 0.059913 0.0559004 0.0520263 0.0482894 0.0446887 0.0412235 0.037893 0.0346967 0.0316344 0.0287061 0.0259117 0.0232516 0.0207263 0.0183366 0.0160832 0.0139674 0.0119906 0.0101544 0.00846056 0.00691137 0.00550926 0.00425698 0.00315766 0.00221479 0.00143225 0.000814395 0.00036605 9.25919e-05 9.45874e-11 1 1 1 1 1 1 1 1 1 1 1 1 1 1 1 1 1 1 1 1 1 1 1 1 1 1 
0.535742 0.49615 0.46794 0.443949 0.422631 0.403256 0.385397 0.368775 0.353192 0.338501 0.324592 0.311375 0.298778 0.286741 0.275216 0.264161 0.253538 0.243318 0.233472 0.223977 0.214813 0.205959 0.197399 0.189119 0.181104 0.173342 0.165823 0.158535 0.151471 0.14462 0.137976 0.131532 0.12528 0.119215 0.113332 0.107625 0.10209 0.0967225 0.0915184 0.0864742 0.0815866 0.0768525 0.0722693 0.0678343 0.0635454 0.0594005 0.0553978 0.0515357 0.0478127 0.0442277 0.0407797 0.0374678 0.0342915 0.0312503 0.028344 0.0255725 0.022936 0.0204348 0.0180694 0.0158407 0.0137495 0.0117971 0.00998497 0.0083147 0.00678826 0.00540788 0.00417607 0.00309568 0.00216989 0.00140226 0.000796784 0.000357874 9.04552e-05 9.09495e-11 1 1 1 1 1 1 1 1 1 1 1 1 1 1 1 1 1 1 1 1 1 1 1 1 1 1 1 
0.524842 0.485358 0.457281 0.433429 0.412254 0.393022 0.375308 0.35883 0.343392 0.328847 0.315083 0.30201 0.289558 0.277666 0.266285 0.255374 0.244895 0.234819 0.225117 0.215766 0.206745 0.198034 0.189618 0.181481 0.173609 0.165991 0.158615 0.151471 0.144549 0.137842 0.131342 0.125041 0.118933 0.113013 0.107274 0.101712 0.0963218 0.0910994 0.0860409 0.0811426 0.0764013 0.071814 0.0673779 0.0630906 0.0589499 0.0549537 0.0511002 0.0473879 0.0438154 0.0403816 0.0370854 0.0339262 0.0309032 0.0280162 0.0252648 0.0226492 0.0201695 0.0178261 0.0156195 0.0135506 0.0116204 0.00983015 0.00818132 0.00667564 0.00531511 0.00410202 0.00303894 0.00212879 0.00137482 0.000780671 0.000350395 8.85018e-05 9.09495e-11 1 1 1 1 1 1 1 1 1 1 1 1 1 1 1 1 1 1 1 1 1 1 1 1 1 1 1 1 
0.514128 0.474758 0.446816 0.423106 0.402073 0.382987 0.365419 0.349088 0.333796 0.319397 0.305779 0.292852 0.280545 0.268799 0.257564 0.246797 0.236463 0.226531 0.216974 0.207767 0.198889 0.190323 0.18205 0.174056 0.166328 0.158853 0.151621 0.14462 0.137842 0.131279 0.124922 0.118765 0.112801 0.107025 0.10143 0.0960127 0.0907673 0.0856899 0.0807766 0.0760239 0.0714286 0.0669876 0.0626983 0.0585583 0.0545652 0.0507171 0.0470124 0.0434493 0.0400267 0.0367433 0.0335983 0.0305908 0.0277204 0.0249867 0.0223895 0.0199288 0.0176049 0.0154182 0.0133694 0.0114592 0.00968882 0.00805946 0.00657268 0.00523026 0.00403426 0.00298701 0.00209117 0.0013497 0.00076592 0.00034355 8.67142e-05 8.73115e-11 1 1 1 1 1 1 1 1 1 1 1 1 1 1 1 1 1 1 1 1 1 1 1 1 1 1 1 1 1 
0.503595 0.46434 0.436536 0.412969 0.392082 0.373143 0.355722 0.339539 0.324394 0.310143 0.296672 0.283892 0.271732 0.260132 0.249043 0.238422 0.228233 0.218446 0.209033 0.199971 0.191238 0.182816 0.174687 0.166838 0.159253 0.151922 0.144833 0.137976 0.131342 0.124922 0.118709 0.112696 0.106876 0.101244 0.0957933 0.0905199 0.0854191 0.0804864 0.0757182 0.0711109 0.0666612 0.0623663 0.0582233 0.05423 0.0503842 0.0466838 0.0431272 0.0397128 0.0364394 0.0333059 0.0303113 0.0274549 0.0247363 0.022155 0.0197111 0.0174045 0.0152355 0.0132046 0.0113125 0.00956001 0.00794828 0.00647866 0.00515271 0.00397229 0.0029395 0.00205674 0.0013267 0.000752415 0.000337283 8.50777e-05 8.73115e-11 1 1 1 1 1 1 1 1 1 1 1 1 1 1 1 1 1 1 1 1 1 1 1 1 1 1 1 1 1 1 
0.493233 0.454097 0.426434 0.403011 0.382273 0.363482 0.34621 0.330176 0.31518 0.301077 0.287755 0.275123 0.263111 0.251658 0.240715 0.230241 0.220198 0.210557 0.20129 0.192372 0.183784 0.175507 0.167523 0.159817 0.152377 0.14519 0.138245 0.131532 0.125041 0.118765 0.112696 0.106827 0.101151 0.0956622 0.0903559 0.0852268 0.0802703 0.0754823 0.0708589 0.0663967 0.0620924 0.0579431 0.0539462 0.0500993 0.0464002 0.042847 0.0394381 0.0361719 0.0330472 0.0300629 0.0272181 0.0245121 0.0219446 0.0195151 0.0172236 0.0150702 0.0130553 0.0111793 0.00944287 0.00784704 0.00639294 0.00508195 0.0039157 0.00289608 0.00202524 0.00130565 0.000740053 0.000331545 8.35792e-05 8.73115e-11 1 1 1 1 1 1 1 1 1 1 1 1 1 1 1 1 1 1 1 1 1 1 1 1 1 1 1 1 1 1 1 
0.483036 0.444023 0.416502 0.393227 0.372638 0.353997 0.336876 0.320992 0.306147 0.292194 0.279021 0.266538 0.254674 0.243369 0.232574 0.222247 0.212351 0.202857 0.193735 0.184964 0.176521 0.168389 0.160549 0.152989 0.145693 0.13865 0.131849 0.12528 0.118933 0.112801 0.106876 0.101151 0.0956185 0.0902741 0.0851119 0.0801269 0.0753147 0.0706712 0.0661925 0.0618751 0.057716 0.0537121 0.0498609 0.04616 0.0426073 0.039201 0.0359392 0.0328207 0.0298441 0.0270085 0.0243129 0.0217567 0.0193396 0.0170611 0.0149214 0.0129205 0.0110587 0.00933666 0.00775509 0.00631497 0.0050175 0.00386409 0.00285644 0.00199648 0.00128641 0.000728745 0.000326294 8.22074e-05 8.00355e-11 1 1 1 1 1 1 1 1 1 1 1 1 1 1 1 1 1 1 1 1 1 1 1 1 1 1 1 1 1 1 1 1 
0.472997 0.434109 0.406733 0.383608 0.36317 0.344682 0.327713 0.311981 0.297287 0.283486 0.270463 0.258131 0.246416 0.23526 0.224614 0.214435 0.204687 0.195339 0.186364 0.177739 0.169442 0.161455 0.153762 0.146346 0.139195 0.132297 0.12564 0.119215 0.113013 0.107025 0.101244 0.0956622 0.0902741 0.0850736 0.0800554 0.0752146 0.0705467 0.0660475 0.0617133 0.0575406 0.0535263 0.0496676 0.0459618 0.0424067 0.0390001 0.0357401 0.0326252 0.0296539 0.0268249 0.0241374 0.0215905 0.0191835 0.0169161 0.014788 0.0127993 0.0109501 0.00924075 0.00767188 0.00624427 0.00495895 0.00381714 0.00282033 0.00197024 0.00126885 0.000718414 0.000321493 8.09526e-05 8.36735e-11 1 1 1 1 1 1 1 1 1 1 1 1 1 1 1 1 1 1 1 1 1 1 1 1 1 1 1 1 1 1 1 1 1 
0.46311 0.424351 0.397123 0.374149 0.353865 0.335531 0.318715 0.303137 0.288596 0.274947 0.262076 0.249895 0.238331 0.227325 0.216828 0.206798 0.197198 0.187998 0.179171 0.170693 0.162542 0.154701 0.147153 0.139883 0.132878 0.126124 0.119612 0.113332 0.107274 0.10143 0.0957933 0.0903559 0.0851119 0.0800554 0.0751813 0.0704846 0.0659608 0.0616059 0.057416 0.0533879 0.0495184 0.0458046 0.042244 0.0388343 0.0355734 0.0324595 0.029491 0.0266665 0.0239847 0.0214449 0.019046 0.0167877 0.0146695 0.0126912 0.0108528 0.00915456 0.00759689 0.00618041 0.00490595 0.00377456 0.00278753 0.00194637 0.00125285 0.000708991 0.00031711 7.98061e-05 8.00355e-11 1 1 1 1 1 1 1 1 1 1 1 1 1 1 1 1 1 1 1 1 1 1 1 1 1 1 1 1 1 1 1 1 1 1 
0.45337 0.414743 0.387664 0.364845 0.344716 0.326537 0.309877 0.294454 0.280068 0.266572 0.253854 0.241825 0.230413 0.219558 0.209211 0.199331 0.18988 0.180829 0.17215 0.163819 0.155816 0.148122 0.14072 0.133596 0.126735 0.120128 0.113761 0.107625 0.101712 0.0960127 0.0905199 0.0852268 0.0801269 0.0752146 0.0704846 0.0659319 0.0615523 0.0573416 0.0532961 0.0494124 0.0456874 0.0421184 0.0387027 0.0354382 0.0323228 0.0293546 0.0265321 0.023854 0.0213191 0.0189264 0.0166752 0.014565 0.0125954 0.0107663 0.0090776 0.00752971 0.00612302 0.00485819 0.0037361 0.00275783 0.00192472 0.00123831 0.000700417 0.000313117 7.87604e-05 8.00355e-11 1 1 1 1 1 1 1 1 1 1 1 1 1 1 1 1 1 1 1 1 1 1 1 1 1 1 1 1 1 1 1 1 1 1 1 
0.443771 0.405278 0.378352 0.355689 0.335718 0.317697 0.301194 0.285927 0.271697 0.258356 0.245793 0.233917 0.222657 0.211955 0.201759 0.192029 0.182728 0.173826 0.165296 0.157113 0.149258 0.141711 0.134456 0.127478 0.120764 0.114302 0.108081 0.10209 0.0963218 0.0907673 0.0854191 0.0802703 0.0753147 0.0705467 0.0659608 0.0615523 0.0573168 0.0532503 0.049349 0.0456096 0.0420291 0.0386047 0.0353338 0.0322142 0.029244 0.0264213 0.0237445 0.0212125 0.018824 0.0165781 0.0144741 0.0125115 0.01069 0.00900945 0.00746995 0.00607176 0.00481539 0.00370152 0.00273106 0.00190515 0.00122514 0.000692639 0.000309488 7.78088e-05 8.00355e-11 1 1 1 1 1 1 1 1 1 1 1 1 1 1 1 1 1 1 1 1 1 1 1 1 1 1 1 1 1 1 1 1 1 1 1 1 
0.434308 0.395953 0.369183 0.346678 0.326866 0.309004 0.29266 0.277551 0.263478 0.250294 0.237886 0.226165 0.215059 0.20451 0.194466 0.184888 0.175738 0.166986 0.158605 0.150571 0.142864 0.135465 0.128357 0.121526 0.114959 0.108643 0.102567 0.0967225 0.0910994 0.0856899 0.0804864 0.0754823 0.0706712 0.0660475 0.0616059 0.0573416 0.0532503 0.0493279 0.0455708 0.0419757 0.0385396 0.0352596 0.0321333 0.0291585 0.0263332 0.0236557 0.0211245 0.0187382 0.0164957 0.0143962 0.012439 0.0106236 0.00894974 0.00741728 0.00602637 0.00477731 0.00367064 0.00270708 0.00188757 0.00121328 0.000685611 0.000306203 7.69455e-05 7.27596e-11 1 1 1 1 1 1 1 1 1 1 1 1 1 1 1 1 1 1 1 1 1 1 1 1 1 1 1 1 1 1 1 1 1 1 1 1 1 
0.424977 0.386763 0.36015 0.337806 0.318155 0.300455 0.284271 0.269322 0.255408 0.242382 0.23013 0.218565 0.207615 0.197219 0.187329 0.177903 0.168904 0.160303 0.152073 0.144189 0.136631 0.12938 0.12242 0.115737 0.109316 0.103147 0.0972174 0.0915184 0.0860409 0.0807766 0.0757182 0.0708589 0.0661925 0.0617133 0.057416 0.0532961 0.049349 0.0455708 0.041958 0.0385071 0.0352152 0.0320796 0.0290978 0.0262676 0.0235871 0.0210546 0.0186686 0.0164277 0.014331 0.0123776 0.0105668 0.00889814 0.00737143 0.00598659 0.00474376 0.00364329 0.00268573 0.00187186 0.00120265 0.000679293 0.000303241 7.61655e-05 7.27596e-11 1 1 1 1 1 1 1 1 1 1 1 1 1 1 1 1 1 1 1 1 1 1 1 1 1 1 1 1 1 1 1 1 1 1 1 1 1 1 
0.415772 0.377702 0.35125 0.329069 0.309582 0.292044 0.276023 0.261235 0.247482 0.234615 0.222522 0.211114 0.200319 0.190079 0.180343 0.17107 0.162224 0.153775 0.145695 0.137962 0.130553 0.123452 0.11664 0.110105 0.103832 0.0978096 0.0920269 0.0864742 0.0811426 0.0760239 0.0711109 0.0663967 0.0618751 0.0575406 0.0533879 0.0494124 0.0456096 0.0419757 0.0385071 0.0352005 0.0320528 0.0290615 0.0262241 0.0235384 0.0210025 0.0186148 0.0163737 0.0142781 0.0123268 0.0105191 0.00885438 0.00733215 0.00595221 0.00471454 0.00361932 0.00266692 0.00185795 0.00119318 0.00067365 0.000300586 7.54643e-05 8.00355e-11 1 1 1 1 1 1 1 1 1 1 1 1 1 1 1 1 1 1 1 1 1 1 1 1 1 1 1 1 1 1 1 1 1 1 1 1 1 1 1 
0.40669 0.368768 0.342478 0.320463 0.301141 0.283769 0.267912 0.253287 0.239695 0.226989 0.215056 0.203806 0.193169 0.183085 0.173504 0.164386 0.155694 0.147397 0.139469 0.131887 0.124629 0.117677 0.111015 0.104628 0.098503 0.0926281 0.0869926 0.0815866 0.0764013 0.0714286 0.0666612 0.0620924 0.057716 0.0535263 0.0495184 0.0456874 0.0420291 0.0385396 0.0352152 0.0320528 0.0290494 0.0262023 0.0235092 0.0209679 0.0185766 0.0163335 0.0142372 0.0122865 0.0104805 0.00881825 0.00729924 0.00592306 0.00468951 0.0035986 0.00265054 0.00184575 0.00118484 0.000668651 0.000298224 7.48379e-05 7.27596e-11 1 1 1 1 1 1 1 1 1 1 1 1 1 1 1 1 1 1 1 1 1 1 1 1 1 1 1 1 1 1 1 1 1 1 1 1 1 1 1 1 
0.397727 0.359955 0.333831 0.311984 0.29283 0.275625 0.259934 0.245474 0.232046 0.219502 0.207729 0.19664 0.186161 0.176234 0.16681 0.157847 0.149309 0.141166 0.133391 0.12596 0.118854 0.112052 0.10554 0.0993024 0.0933261 0.0875993 0.0821114 0.0768525 0.071814 0.0669876 0.0623663 0.0579431 0.0537121 0.0496676 0.0458046 0.0421184 0.0386047 0.0352596 0.0320796 0.0290615 0.0262023 0.0234995 0.0209507 0.0185537 0.0163067 0.0142081 0.0122565 0.0104506 0.00878956 0.00727254 0.00589898 0.00466853 0.00358103 0.00263651 0.00183521 0.00117758 0.000664269 0.000296142 7.42829e-05 7.27596e-11 1 1 1 1 1 1 1 1 1 1 1 1 1 1 1 1 1 1 1 1 1 1 1 1 1 1 1 1 1 1 1 1 1 1 1 1 1 1 1 1 1 
0.388878 0.351261 0.325306 0.303629 0.284645 0.267609 0.252086 0.237793 0.224529 0.212149 0.200539 0.18961 0.179291 0.169523 0.160257 0.15145 0.143068 0.135079 0.127458 0.12018 0.113225 0.106575 0.100213 0.0941255 0.0882984 0.0827203 0.0773805 0.0722693 0.0673779 0.0626983 0.0582233 0.0539462 0.0498609 0.0459618 0.042244 0.0387027 0.0353338 0.0321333 0.0290978 0.0262241 0.0235092 0.0209507 0.0185461 0.0162934 0.0141907 0.0122365 0.0104294 0.00876817 0.0072519 0.00587986 0.00465151 0.00356652 0.00262475 0.00182627 0.00117136 0.000660482 0.000294329 7.37965e-05 8.00355e-11 1 1 1 1 1 1 1 1 1 1 1 1 1 1 1 1 1 1 1 1 1 1 1 1 1 1 1 1 1 1 1 1 1 1 1 1 1 1 1 1 1 1 
0.380141 0.342681 0.316897 0.295393 0.276582 0.259717 0.244364 0.230239 0.217143 0.204928 0.193482 0.182715 0.172558 0.162949 0.153842 0.145193 0.136967 0.129134 0.121667 0.114542 0.10774 0.101242 0.0950318 0.0890946 0.0834174 0.0779885 0.0727974 0.0678343 0.0630906 0.0585583 0.05423 0.0500993 0.04616 0.0424067 0.0388343 0.0354382 0.0322142 0.0291585 0.0262676 0.0235384 0.0209679 0.0185537 0.0162934 0.014185 0.0122266 0.0104167 0.00875396 0.00723724 0.00586561 0.00463836 0.003555 0.00261521 0.00181889 0.00116614 0.00065727 0.000292776 7.33761e-05 7.27596e-11 1 1 1 1 1 1 1 1 1 1 1 1 1 1 1 1 1 1 1 1 1 1 1 1 1 1 1 1 1 1 1 1 1 1 1 1 1 1 1 1 1 1 1 
0.371512 0.334213 0.308603 0.287275 0.268638 0.251947 0.236766 0.222811 0.209883 0.197835 0.186554 0.175952 0.165957 0.15651 0.147562 0.139072 0.131003 0.123327 0.116015 0.109046 0.102397 0.0960518 0.0899933 0.0842073 0.0786806 0.0734017 0.0683598 0.0635454 0.0589499 0.0545652 0.0503842 0.0464002 0.0426073 0.0390001 0.0355734 0.0323228 0.029244 0.0263332 0.0235871 0.0210025 0.0185766 0.0163067 0.0141907 0.0122266 0.0104125 0.00874688 0.00722846 0.00585614 0.00462901 0.0035464 0.00260783 0.00181303 0.00116191 0.000654617 0.000291474 7.30196e-05 8.00355e-11 1 1 1 1 1 1 1 1 1 1 1 1 1 1 1 1 1 1 1 1 1 1 1 1 1 1 1 1 1 1 1 1 1 1 1 1 1 1 1 1 1 1 1 1 
0.362987 0.325853 0.30042 0.27927 0.260811 0.244295 0.229288 0.215505 0.202748 0.190868 0.179755 0.169318 0.159487 0.150202 0.141415 0.133085 0.125175 0.117656 0.110501 0.103687 0.097193 0.0910012 0.0850956 0.0794615 0.0740861 0.0689576 0.0640656 0.0594005 0.0549537 0.0507171 0.0466838 0.042847 0.039201 0.0357401 0.0324595 0.0293546 0.0264213 0.0236557 0.0210546 0.0186148 0.0163335 0.0142081 0.0122365 0.0104167 0.00874688 0.00722555 0.00585142 0.00462342 0.0035407 0.00260259 0.00180865 0.00115864 0.00065251 0.000290418 7.27251e-05 8.00355e-11 1 1 1 1 1 1 1 1 1 1 1 1 1 1 1 1 1 1 1 1 1 1 1 1 1 1 1 1 1 1 1 1 1 1 1 1 1 1 1 1 1 1 1 1 1 
0.354564 0.317598 0.292346 0.271376 0.253097 0.236759 0.221928 0.208319 0.195734 0.184025 0.17308 0.16281 0.153144 0.144024 0.135399 0.12723 0.11948 0.11212 0.105122 0.0984644 0.0921259 0.0860886 0.0803365 0.0748552 0.0696317 0.0646545 0.059913 0.0553978 0.0511002 0.0470124 0.0431272 0.0394381 0.0359392 0.0326252 0.029491 0.0265321 0.0237445 0.0211245 0.0186686 0.0163737 0.0142372 0.0122565 0.0104294 0.00875396 0.00722846 0.00585142 0.00462156 0.00353785 0.00259945 0.00180575 0.00115632 0.000650939 0.000289601 7.24912e-05 7.27596e-11 1 1 1 1 1 1 1 1 1 1 1 1 1 1 1 1 1 1 1 1 1 1 1 1 1 1 1 1 1 1 1 1 1 1 1 1 1 1 1 1 1 1 1 1 1 1 
0.34624 0.309446 0.284377 0.263591 0.245494 0.229336 0.214684 0.201251 0.18884 0.177303 0.166528 0.156427 0.146928 0.137972 0.129512 0.121505 0.113916 0.106715 0.0998764 0.0933761 0.0871939 0.0813121 0.0757144 0.0703867 0.0653159 0.0604907 0.0559004 0.0515357 0.0473879 0.0434493 0.0397128 0.0361719 0.0328207 0.0296539 0.0266665 0.023854 0.0212125 0.0187382 0.0164277 0.0142781 0.0122865 0.0104506 0.00876817 0.00723724 0.00585614 0.00462342 0.00353785 0.00259841 0.0018043 0.00115493 0.000649896 0.000289021 7.23168e-05 7.27596e-11 1 1 1 1 1 1 1 1 1 1 1 1 1 1 1 1 1 1 1 1 1 1 1 1 1 1 1 1 1 1 1 1 1 1 1 1 1 1 1 1 1 1 1 1 1 1 1 
0.338011 0.301393 0.27651 0.255911 0.237999 0.222024 0.207552 0.194298 0.182063 0.1707 0.160097 0.150166 0.140835 0.132046 0.123751 0.115908 0.108481 0.101441 0.0947622 0.0884203 0.0823956 0.0766701 0.0712278 0.0660544 0.0611372 0.0564646 0.0520263 0.0478127 0.0438154 0.0400267 0.0364394 0.0330472 0.0298441 0.0268249 0.0239847 0.0213191 0.018824 0.0164957 0.014331 0.0123268 0.0104805 0.00878956 0.0072519 0.00586561 0.00462901 0.0035407 0.00259945 0.0018043 0.00115446 0.000649375 0.000288674 7.22009e-05 7.27596e-11 1 1 1 1 1 1 1 1 1 1 1 1 1 1 1 1 1 1 1 1 1 1 1 1 1 1 1 1 1 1 1 1 1 1 1 1 1 1 1 1 1 1 1 1 1 1 1 1 
0.329876 0.293437 0.268745 0.248335 0.23061 0.214821 0.200532 0.187458 0.175401 0.164214 0.153785 0.144025 0.134865 0.126244 0.118115 0.110437 0.103174 0.0962964 0.089778 0.0835957 0.0777294 0.0721611 0.0668751 0.061857 0.0570942 0.0525751 0.0482894 0.0442277 0.0403816 0.0367433 0.0333059 0.0300629 0.0270085 0.0241374 0.0214449 0.0189264 0.0165781 0.0143962 0.0123776 0.0105191 0.00881825 0.00727254 0.00587986 0.00463836 0.0035464 0.00260259 0.00180575 0.00115493 0.000649375 0.000288558 7.21432e-05 7.27596e-11 1 1 1 1 1 1 1 1 1 1 1 1 1 1 1 1 1 1 1 1 1 1 1 1 1 1 1 1 1 1 1 1 1 1 1 1 1 1 1 1 1 1 1 1 1 1 1 1 1 
0.321832 0.285576 0.261077 0.24086 0.223326 0.207724 0.19362 0.180729 0.168852 0.157843 0.147589 0.138004 0.129015 0.120564 0.112603 0.105091 0.097993 0.0912788 0.0849224 0.0789008 0.073194 0.0677841 0.0626553 0.0577934 0.0531858 0.048821 0.0446887 0.0407797 0.0370854 0.0335983 0.0303113 0.0272181 0.0243129 0.0215905 0.019046 0.0166752 0.0144741 0.012439 0.0105668 0.00885438 0.00729924 0.00589898 0.00465151 0.003555 0.00260783 0.00180865 0.00115632 0.000649896 0.000288674 7.21432e-05 7.27596e-11 1 1 1 1 1 1 1 1 1 1 1 1 1 1 1 1 1 1 1 1 1 1 1 1 1 1 1 1 1 1 1 1 1 1 1 1 1 1 1 1 1 1 1 1 1 1 1 1 1 1 
